// ===== Homunculus Exp Table =====
// Homunculus / Mutated Homunculus
101
177
279
406
558
736
939
1168
1422
1701
2006
2336
2692
3073
3479
3911
4368
4851
5359
5892
6451
7035
7645
8280
8940
9626
10337
11074
11836
12623
13436
14274
15138
16027
16941
17881
18846
19837
20853
21894
22961
24053
25171
26314
27482
28676
29895
31140
32410
33705
35026
36372
37744
39141
40563
42011
43484
44983
46507
48056
49631
51231
52857
54508
56184
57886
59613
61366
63144
64947
66776
68630
70510
72415
74345
76301
78282
80289
82321
84378
86461
88569
90703
92862
95046
97256
99491
101752
104038
106349
108686
111048
113436
115849
118287
120751
123240
125755
127275
135420
144087
153309
163120
173560
184668
196486
209061
222441
236678
251825
267942
285090
303335
322749
343405
365383
388767
413648
440121
475547
513823
555181
599868
648151
700320
756689
817595
883403
954508
1031337
1114349
1204043
1300956
1405670
1518812
1641061
1773150
1915871
2070080
2236700
2416732
2611255
2821435
3048532
3293908
3559035
3845501
4155026
4489464
4850820
5241263
5663132
6118958
6611472
7143630
7718621
8339892
9011170
9736479
10520168
11366937
12281861
13270428
14338565
15492676
16739681
18087058
19542886
21115892
22815511
24651931
26636165
28780110
31096621
32029519
32990405
33980117
34999520
36049506
37130991
38244921
39392268
40574036
41791257
43044995
44336345
45666435
47036428
48447521
49900947
51397975
52939914
54528112
56163955
57848873
59584340
61371870
63213026
65109416
65304745
65500659
65697161
65894252
66091935
66290211
66489081
66688548
66888614
67089280
67290548
67492419
67694896
67897981
68101675
68305980
68510898
68716430
68922580
69129347
78807456
89840500
102418170
116756713
133102653
151737025
172980208
197197437
224805078
256277789
292156679
333058615
379686821
432842975
493440992
562522731
641275913
731054541
833402176
950078481
1083089468
1234721993
1407583072
1604644703
1829294961
2085396255
2377351731
2710180973
3089606310
3522151193
4318157362
5294060926
6490518695
7957375920
9755742878
11960540769
14663622983
17977601777
22040539778
27021701768
28372786856
29791426199
31280997509
32845047385
34487299754
35349482248
36233219304
37139049786
38067526031
39019214182
39799598465
40595590435
41407502243
42235652288
43080365334
9999
// ================================