
// ===== Base Exp Tables ==========

// Regular Jobs
99,0:1:2:3:4:5:6:7:8:9:10:11:12:13:14:15:16:17:18:19:20:21:23:24:25:4023:4024:4025:4026:4027:4028:4029:4030:4031:4032:4033:4034:4035:4036:4037:4038:4039:4040:4041:4042:4043:4044:4045:4046:4047:4048:4049:4050:4051:4052:4222:4225:4226:4227:4228:4238,0,548,894,1486,2173,3152,3732,4112,4441,4866,5337,5804,5883,6106,6424,7026,7624,7981,8336,8689,9134,9670,10296,11012,12095,12986,13872,14753,15628,16498,17362,18221,19074,19923,20947,21604,23334,24606,25871,26682,27932,29175,29969,31636,32856,33194,34836,36468,38523,40565,42165,43754,45334,46903,48463,50013,51976,53084,54605,56116,57618,58277,60593,63721,66005,69097,72171,74407,77445,89404,103722,113105,124848,130898,136110,143684,149620,154725,158216,175461,194586,215795,239316,265401,294329,326410,361988,401444,445201,493727,547543,607225,673412,746813,828215,918490,1018605,1129632,1252761,9999

// Trans Jobs
99,4001:4002:4003:4004:4005:4006:4007:4008:4009:4010:4011:4012:4013:4014:4015:4016:4017:4018:4019:4020:4021:4022,0,658,1073,1783,2608,3782,4478,4935,5330,5839,6404,6965,7060,7328,7708,8431,9149,9578,10004,10427,11874,12571,13385,14315,15724,17124,18034,19179,20316,21447,22571,23687,24797,25900,27231,28085,30334,31988,33632,34687,39106,40845,41956,44291,45998,46472,48771,51056,53933,56792,59031,61256,63467,65665,67848,70018,72766,74317,76447,78562,86427,87416,90889,95582,99008,103646,108256,111611,116167,134106,155583,169658,187272,196347,204165,215526,224430,232088,237325,257972,280415,304811,331329,360154,391487,425546,462568,502811,546555,594105,645792,701975,763046,829431,901591,980029,1065291,1157971,1258714,9999

// 3rd Jobs
200,4054:4055:4056:4057:4058:4059:4060:4061:4062:4063:4064:4065:4066:4067:4068:4069:4070:4071:4072:4073:4074:4075:4076:4077:4078:4079:4080:4081:4082:4083:4084:4085:4086:4087:4096:4097:4098:4099:4100:4101:4102:4103:4104:4105:4106:4107:4108:4109:4110:4111:4112:4190:4191:4211:4212:4215:4223:4224:4229:4239:4240:4241:4242:4243:4244,0,658,1073,1783,2608,3782,4478,4935,5330,5839,6404,6965,7060,7328,7708,8431,9149,9578,10004,10427,11874,12571,13385,14315,15724,17124,18034,19179,20316,21447,22571,23687,24797,25900,27231,28085,30334,31988,33632,34687,39106,40845,41956,44291,45998,46472,48771,51056,53933,56792,59031,61256,63467,65665,67848,70018,72766,74317,76447,78562,86427,87416,90889,95582,99008,103646,108256,111611,116167,134106,155583,169658,187272,196347,204165,215526,224430,232088,237325,257972,280415,304811,331329,360154,391487,425546,462568,502811,546555,594105,645792,701975,763046,829431,901591,980029,1065291,1157971,1258714,1272747,1354202,1440870,1533085,1631202,1735598,1846676,1964863,2090614,2224413,2366775,2518248,2679415,2850897,3033354,3227488,3434047,3653826,3887670,4136480,4401214,4755467,5138234,5551810,5998675,6481508,7003204,7566891,8175950,8834032,9545083,10313366,11143488,12040427,13009560,14056699,15188122,16410613,17731503,19158711,20700795,22367001,24167320,26112547,28214345,30485317,32939080,35590346,38455012,41550255,44894635,48508204,52412629,56631321,61189576,66114724,71436298,77186205,83398922,90111701,97364791,105201683,113669366,122818613,132704283,143385650,154926760,167396814,180870583,195428856,211158924,228155105,246519309,266361648,287801097,310966207,320295193,329904048,339801169,349995204,360495060,371309911,382449208,393922684,405740364,417912574,430449951,443363449,456664352,470364282,484475210,499009466,513979749,529399141,545281115,561639548,578488734,595843396,613718697,632130257,651094164,9999

// 4th Jobs
260,4252:4253:4254:4255:4256:4257:4258:4259:4260:4261:4262:4263:4264:4278:4279:4280:4281:4302:4303:4304:4305:4306:4307:4308:4316,0,658,1073,1783,2608,3782,4478,4935,5330,5839,6404,6965,7060,7328,7708,8431,9149,9578,10004,10427,11874,12571,13385,14315,15724,17124,18034,19179,20316,21447,22571,23687,24797,25900,27231,28085,30334,31988,33632,34687,39106,40845,41956,44291,45998,46472,48771,51056,53933,56792,59031,61256,63467,65665,67848,70018,72766,74317,76447,78562,86427,87416,90889,95582,99008,103646,108256,111611,116167,134106,155583,169658,187272,196347,204165,215526,224430,232088,237325,257972,280415,304811,331329,360154,391487,425546,462568,502811,546555,594105,645792,701975,763046,829431,901591,980029,1065291,1157971,1258714,1272747,1354202,1440870,1533085,1631202,1735598,1846676,1964863,2090614,2224413,2366775,2518248,2679415,2850897,3033354,3227488,3434047,3653826,3887670,4136480,4401214,4755467,5138234,5551810,5998675,6481508,7003204,7566891,8175950,8834032,9545083,10313366,11143488,12040427,13009560,14056699,15188122,16410613,17731503,19158711,20700795,22367001,24167320,26112547,28214345,30485317,32939080,35590346,38455012,41550255,44894635,48508204,52412629,56631321,61189576,66114724,71436298,77186205,83398922,90111701,97364791,105201683,113669366,122818613,132704283,143385650,154926760,167396814,180870583,195428856,211158924,228155105,246519309,266361648,287801097,310966207,320295193,329904048,339801169,349995204,360495060,371309911,382449208,393922684,405740364,417912574,430449951,443363449,456664352,470364282,484475210,499009466,513979749,529399141,545281115,561639548,578488734,595843396,613718697,632130257,651094164,653047446,655006588,656971607,658942521,660919348,662902106,664890812,666885484,668886140,670892798,672905476,674924192,676948964,678979810,681016749,683059799,685108978,687164304,689225796,691293473,788074559,898404997,1024181696,1167567133,1331026531,1517370245,1729802079,1971974370,2248050781,2562777890,2921566794,3330586145,3796868205,4328429753,4934409918,5625227306,6412759128,7310545405,8334021761,9500784807,10830894679,12347219934,14075830724,16046447025,18292949608,20853962553,23773517310,27101809733,30896063095,35221511928,43181573623,52940609261,64905186953,79573759204,97557428784,119605407689,146636229826,179776017766,220405397781,270217017679,9999

// Doram
200,4218:4220,0,55,90,150,220,320,380,420,455,500,600,700,800,900,1000,1100,1200,1300,1400,1500,1800,2100,2400,2700,3000,3300,3600,3900,4200,4500,5400,6300,7200,8100,9000,9900,10800,11700,12600,13500,16200,18900,21600,24300,27000,29700,32400,35100,37800,40500,43200,45900,48600,51300,54000,56700,59400,62100,64800,67500,70200,72900,75600,78300,81000,83700,86400,89100,91800,94500,103950,114345,125779,138356,152201,167421,184163,202579,222836,240662,259914,280707,303163,327416,353609,381897,412448,445443,481078,519564,561129,606019,654500,706860,763408,824480,890438,961673,1038606,1121694,1206943,1298670,1397369,1503569,1617841,1740797,1873097,2015453,2168627,2333443,2510784,2701604,2906926,3127852,3365569,3621352,3896575,4192714,4511361,4854224,5223145,5620104,6047232,6506822,7001340,7533442,8105984,8722038,9384913,10098167,10865627,11691415,12579963,13536040,14564779,15671702,16862751,18144320,19523289,21007059,22603595,24321468,26169900,28158812,30298882,32601597,35079319,37745347,40613993,43700657,47021907,50595572,54440835,58578338,63030292,67820594,72974960,78521056,84488657,90909795,97818939,105253178,113252420,121859604,131120934,141086125,151808670,163346129,175760435,189118228,203491213,218956546,235597243,253502633,272768834,293499265,315805209,339806405,365631692,377331906,389406527,401867536,414727297,427998570,441694525,455828749,470415269,485468558,501003552,517035666,533580807,550655393,568276365,586461209,605227968,624595263,644582311,665208945,686495631,708463491,9999

// ================================



// ===== Job Exp Tables ===========

// Novice
10,0:4023,1,10,18,28,40,91,151,205,268,340,9999

// Trans Novice
10,4001,1,11,20,31,44,100,166,226,295,374,9999

// 1st Job
50,1:2:3:4:5:6:4024:4025:4026:4027:4028:4029,1,60,130,260,460,780,1060,1300,1560,1910,2290,2680,2990,3340,3740,4360,4970,5530,6120,6700,8090,8920,9970,11080,12690,14440,15850,17400,19220,21060,22870,24910,26840,29080,31320,33300,37110,40500,43570,46180,53510,57200,60310,65690,70090,72130,77540,83320,90120,97180,9999

// Trans 1st Job
50,4002:4003:4004:4005:4006:4007,1,100,200,350,550,800,1100,1450,1850,2300,2800,3350,3950,4600,5300,6050,6850,7700,8600,9550,10550,11600,12700,13850,15050,16300,17600,18950,20350,21800,23300,24850,26450,28100,29800,31550,33350,35200,37100,39050,41050,43100,45200,47350,49550,51800,54100,56450,58850,61300,9999

// 2nd Job
50,7:8:9:10:11:12:13:14:15:16:17:18:19:20:21:4030:4031:4032:4033:4034:4035:4036:4037:4038:4039:4040:4041:4042:4043:4044,1,2500,4200,7000,10300,15900,18900,20900,22600,24900,28800,31500,32000,33300,35100,40500,44100,46300,48500,50700,56000,59400,63500,68100,75000,85700,90500,96600,102600,108600,119700,126000,132300,138600,146100,157500,170600,180400,190300,196800,214900,225200,232000,245700,255900,279300,294000,308700,327000,345400,9999

// Trans 2nd Job
70,4008:4009:4010:4011:4012:4013:4014:4015:4016:4017:4018:4019:4020:4021:4022,1,1354,1624,1949,2339,2807,3368,4042,4850,5820,6984,8381,10057,12069,14483,17379,20855,25026,30031,36037,43245,51894,55163,58638,62333,66260,70434,74871,79588,84602,89932,95598,101620,108023,114828,122062,129752,137926,146616,155853,165671,176109,187203,198997,211534,224861,239027,254086,270093,287109,305197,324424,344863,366589,389684,414234,440331,468072,497561,528907,562228,597649,635300,675324,717870,763096,811171,862274,916598,974343,9999

// 3rd Job
70,4054:4055:4056:4057:4058:4059:4060:4061:4062:4063:4064:4065:4066:4067:4068:4069:4070:4071:4072:4073:4074:4075:4076:4077:4078:4079:4080:4081:4082:4083:4084:4085:4086:4087:4096:4097:4098:4099:4100:4101:4102:4103:4104:4105:4106:4107:4108:4109:4110:4111:4112,1,12800,16384,20971,26843,34359,43980,56294,72057,92233,118059,151115,193428,247588,316912,405648,519229,664613,850705,1088903,1393796,1784059,2283596,2923003,3741444,4231573,4785909,5412863,6121948,6923924,7830958,8856813,10017056,11329290,12813427,14491986,16390436,18537584,20966007,23712554,26818899,30332175,34305690,38799735,43882500,49631108,56132783,63486178,71802867,81209043,91847428,103879441,117487647,132878529,150285617,169973033,192239500,217422874,245905271,278118862,319836691,367812195,422984024,486431628,559396372,632361116,705325860,778290604,851255348,924220092,9999

// 4th Job
55,4252:4253:4254:4255:4256:4257:4258:4259:4260:4261:4262:4263:4264:4278:4279:4280:4281:4302:4303:4304:4305:4306:4307:4308:4316,1,4700000,5522500,6488938,7624502,8958789,10526577,12368729,14533256,17076576,20064977,23576347,27702208,32550095,38246361,44939475,52803883,62044562,72902360,85660274,100650821,118264715,138961040,163279222,191853086,216793987,244977206,276824243,312811394,353476875,399428869,451354622,510030723,576334717,651258230,735921800,831591634,939698547,1061859358,1199901074,1355888214,1532153682,1731333660,1956407036,2210739951,2498136145,2822893843,3189870043,3604553149,4073145058,4480459564,4928505520,5421356072,5963491679,6559840847,9999

// Expanded 1st Job
70,24:25:4046:4050:4222:4225:4228,1,200,300,400,600,700,1000,1200,1400,1700,1900,2400,2700,3200,3600,4200,4900,5500,6100,6900,7700,8400,9300,10100,11100,12100,13000,14600,16100,17500,18600,21500,23300,24700,27000,29000,30000,32400,35000,38100,41100,44000,46700,49600,52500,55600,58900,62700,65500,69200,72300,81200,84100,89300,95500,100900,107800,114900,120700,128600,150500,176900,196100,219600,234200,247900,266400,281300,296600,308000,9999

// Expanded 2nd Job
50,4047:4048:4049:4051:4052:4226:4227:4238,1,50700,50700,50700,50700,50700,50700,50700,50700,50700,50700,50700,50700,50700,50700,50700,50700,50700,50700,101400,112000,118800,127000,136200,150000,171400,181000,193200,205200,217200,239400,252000,264600,277200,292200,315000,341200,360800,380600,393600,429800,450400,464000,491400,511800,558600,588000,617400,654000,690800,9999

// Super Novice
99,23:4045,1,60,130,260,460,780,1060,1300,1560,1910,2290,2680,2990,3340,3740,4360,4970,5530,6120,6700,8090,8920,9970,11080,12690,14440,15850,17400,19220,21060,22870,24910,26840,29080,31320,33300,37110,40500,43570,46180,53510,57200,60310,65690,70090,72130,77540,83320,90120,99132,109045,119950,131945,145139,159653,175618,193180,212498,233748,257123,282835,311119,342231,376454,414099,455509,501060,551166,606282,617195,628305,639614,651127,662848,674779,686925,699290,711877,724691,737735,751014,764533,778294,792303,806565,821083,835863,850908,866224,881817,897689,913848,930297,947042,964089,981443,999109,1017092,1035400,9999

// Expanded Super Novice
70,4190:4191,1,12800,16384,20971,26843,34359,43980,56294,72057,92233,118059,151115,193428,247588,316912,405648,519229,664613,850705,1088903,1393796,1784059,2283596,2923003,3741444,4231573,4785909,5412863,6121948,6923924,7830958,8856813,10017056,11329290,12813427,14491986,16390436,18537584,20966007,23712554,26818899,30332175,34305690,38799735,43882500,49631108,56132783,63486178,71802867,81209043,91847428,103879441,117487647,132878529,150285617,169973033,192239500,217422874,245905271,278118862,319836691,367812195,422984024,486431628,559396372,632361116,705325860,778290604,851255348,924220092,9999

// Top Expanded Jobs
70,4211:4212:4215:4223:4224:4229:4239:4240:4241:4242:4243:4244,1,12800,16384,20971,26843,34359,43980,56294,72057,92233,118059,151115,193428,247588,316912,405648,519229,664613,850705,1088903,1393796,1784059,2283596,2923003,3741444,4231573,4785909,5412863,6121948,6923924,7830958,8856813,10017056,11329290,12813427,14491986,16390436,18537584,20966007,23712554,26818899,30332175,34305690,38799735,43882500,49631108,56132783,63486178,71802867,81209043,91847428,103879441,117487647,132878529,150285617,169973033,192239500,217422874,245905271,278118862,319836691,367812195,422984024,486431628,559396372,632361116,705325860,778290604,851255348,924220092,9999

// Doram People
60,4218:4220,1,60,130,260,460,780,1060,1300,1560,1910,2500,4200,7000,10300,15900,18900,20900,22600,24900,28800,33300,35100,40500,44100,46300,48500,50700,56000,59400,63500,68100,75000,85700,90500,106000,112000,355000,615000,917000,1253000,1595000,2007000,2430000,2868000,3420000,3863000,4504000,4998000,5769000,6321000,7585200,9860760,13805064,20707596,33132154,53011447,72890740,92770033,112649326,132528619,9999

// ================================
