// Skill Requirements Database
//
// Structure of Database:
// SkillID,HPCost,MaxHPTrigger,SPCost,HPRateCost,SPRateCost,ZenyCost,RequiredWeapons,RequiredAmmoTypes,RequiredAmmoAmount,RequiredState,RequiredStatuses,SpiritSphereCost,RequiredItemID1,RequiredItemAmount1,RequiredItemID2,RequiredItemAmount2,RequiredItemID3,RequiredItemAmount3,RequiredItemID4,RequiredItemAmount4,RequiredItemID5,RequiredItemAmount5,RequiredItemID6,RequiredItemAmount6,RequiredItemID7,RequiredItemAmount7,RequiredItemID8,RequiredItemAmount8,RequiredItemID9,RequiredItemAmount9,RequiredItemID10,RequiredItemAmount10,RequiredEquipment,APCost,APRateCost
//
// If HP/SP/APratecost is positive, it is a percent of your current life, otherwise it is a percent of your max life.
//
// Legend for 'RequiredState' field:
//  none = Nothing special
//  hidden = Requires on hidden status by using Hiding, Cloaking, or maybe Chasewalk
//  riding = Requires to ride either a peco or a dragon
//  falcon = Requires a Falcon
//  cart = Requires a Pushcart (for renewal can replace this state by SC_PUSH_CART in 'RequiredStatuses' field)
//  shield = Requires a 0,shield equipped
//  recover_weight_rate = Requires to be less than 50% weight
//  move_enable = Requires to be able to move
//  water = Requires to be standing on a water cell
//  dragon = Requires to ride a Dragon
//  warg = Requires a Warg
//  ridingwarg = Requires to ride a Warg
//  mado = Requires to have an active mado
//  elementalspirit = Requires to have an Elemental Spirit summoned.
//  elementalspirit2 = Requires to have an Elemental Spirit summoned, and will be removed.
//  peco = Requires riding a peco
//
// 'RequiredStatuses'
//	Fill the value only with SC_STATUS (see db/const.txt for more details)
//	Usage for multiple status requirements: SC_STATUS1:SC_STATUS2:SC_STATUS3
//	Max. multiple value is 3 (skill.hpp: MAX_SKILL_STATUS_REQUIRE)
//	Use any number or SC_ALL will disable status requirements
// 'RequiredEquipment'
//	Specified equipment to be equipped. For multiple values, use : as delimiter.
//	Max. multiple value is 10 (skill.hpp: MAX_SKILL_EQUIP_REQUIRE)

// Night Watch
//5401,0,0,1,0,0,0,99,0,0,none,0,0,0,0,0,0,0,0,0,0,0,0,0,0,0,0,0,0,0,0,0,0,0,0,0	//NW_P_F_I
//5402,0,0,1,0,0,0,99,0,0,none,0,0,0,0,0,0,0,0,0,0,0,0,0,0,0,0,0,0,0,0,0,0,0,0,0	//NW_GRENADE_MASTERY
5403,0,0,10,0,0,0,99,0,0,none,0,0,0,0,0,0,0,0,0,0,0,0,0,0,0,0,0,0,0,0,0,0,0,0,0	//NW_INTENSIVE_AIM
5404,0,0,50,0,0,0,99,0,0,none,0,0,0,0,0,0,0,0,0,0,0,0,0,0,0,0,0,0,0,0,0,0,0,0,0	//NW_GRENADE_FRAGMENT
5405,0,0,49:53:57:61:65,0,0,0,99,0,0,none,0,0,0,0,0,0,0,0,0,0,0,0,0,0,0,0,0,0,0,0,0,0,0,0,0	//NW_THE_VIGILANTE_AT_NIGHT
5406,0,0,30:32:34:36:38,0,0,0,99,0,0,none,0,0,0,0,0,0,0,0,0,0,0,0,0,0,0,0,0,0,0,0,0,0,0,0,0	//NW_ONLY_ONE_BULLET
5407,0,0,48:53:58:63:68,0,0,0,99,0,0,none,0,0,0,0,0,0,0,0,0,0,0,0,0,0,0,0,0,0,0,0,0,0,0,0,0	//NW_SPIRAL_SHOOTING
5408,0,0,30:33:36:39:42,0,0,0,99,0,0,none,0,0,0,0,0,0,0,0,0,0,0,0,0,0,0,0,0,0,0,0,0,0,0,0,0	//NW_MAGAZINE_FOR_ONE
5409,0,0,51:55:59:63:67,0,0,0,99,0,0,none,0,0,0,0,0,0,0,0,0,0,0,0,0,0,0,0,0,0,0,0,0,0,0,0,0	//NW_WILD_FIRE
5410,0,0,31:37:43:49:55,0,0,0,99,0,0,none,0,0,0,0,0,0,0,0,0,0,0,0,0,0,0,0,0,0,0,0,0,0,0,0,0	//NW_BASIC_GRENADE
5411,0,0,50:53:56:59:62,0,0,0,99,0,0,none,0,0,0,0,0,0,0,0,0,0,0,0,0,0,0,0,0,0,0,0,0,0,0,0,0	//NW_HASTY_FIRE_IN_THE_HOLE
5412,0,0,54:60:66:72:78,0,0,0,99,0,0,none,0,0,0,0,0,0,0,0,0,0,0,0,0,0,0,0,0,0,0,0,0,0,0,0,0	//NW_GRENADES_DROPPING
5413,0,0,90:100:110:120:130,0,0,0,99,0,0,none,0,0,0,0,0,0,0,0,0,0,0,0,0,0,0,0,0,0,0,0,0,0,0,0,0	//NW_AUTO_FIRING_LAUNCHER
5414,0,0,150,0,0,0,99,0,0,none,0,0,0,0,0,0,0,0,0,0,0,0,0,0,0,0,0,0,0,0,0,0,0,150,0	//NW_HIDDEN_CARD
5415,0,0,150,0,0,0,99,0,0,none,0,0,0,0,0,0,0,0,0,0,0,0,0,0,0,0,0,0,0,0,0,0,0,100,0	//NW_MISSION_BOMBARD

// Soul Ascetic
//5416,0,0,1,0,0,0,99,0,0,none,0,0,0,0,0,0,0,0,0,0,0,0,0,0,0,0,0,0,0,0,0,0,0,0,0	//SOA_TALISMAN_MASTERY
//5417,0,0,1,0,0,0,99,0,0,none,0,0,0,0,0,0,0,0,0,0,0,0,0,0,0,0,0,0,0,0,0,0,0,0,0	//SOA_SOUL_MASTERY
5418,0,0,50:55:60:65:70,0,0,0,99,0,0,none,0,0,0,0,0,0,0,0,0,0,0,0,0,0,0,0,0,0,0,0,0,0,0,0,0	//SOA_TALISMAN_OF_PROTECTION
5419,0,0,50:55:60:65:70,0,0,0,99,0,0,none,0,0,0,0,0,0,0,0,0,0,0,0,0,0,0,0,0,0,0,0,0,0,0,0,0	//SOA_TALISMAN_OF_WARRIOR
5420,0,0,50:55:60:65:70,0,0,0,99,0,0,none,0,0,0,0,0,0,0,0,0,0,0,0,0,0,0,0,0,0,0,0,0,0,0,0,0	//SOA_TALISMAN_OF_MAGICIAN
5421,0,0,80:85:90:95:100,0,0,0,99,0,0,none,0,0,0,0,0,0,0,0,0,0,0,0,0,0,0,0,0,0,0,0,0,0,0,0,0	//SOA_SOUL_GATHERING
5422,0,0,76:92:108:124:140,0,0,0,99,0,0,none,0,0,0,0,0,0,0,0,0,0,0,0,0,0,0,0,0,0,0,0,0,0,0,0,0	//SOA_TOTEM_OF_TUTELARY
5423,0,0,50:55:60:65:70,0,0,0,99,0,0,none,0,0,0,0,0,0,0,0,0,0,0,0,0,0,0,0,0,0,0,0,0,0,0,0,0	//SOA_TALISMAN_OF_FIVE_ELEMENTS
5424,0,0,30,0,0,0,99,0,0,none,0,0,0,0,0,0,0,0,0,0,0,0,0,0,0,0,0,0,0,0,0,0,0,0,0	//SOA_TALISMAN_OF_SOUL_STEALING
5425,0,0,60:75:90:105:120,0,0,0,99,0,0,none,0,0,0,0,0,0,0,0,0,0,0,0,0,0,0,0,0,0,0,0,0,0,0,0,0	//SOA_EXORCISM_OF_MALICIOUS_SOUL
5426,0,0,42:47:52:57:62,0,0,0,99,0,0,none,0,0,0,0,0,0,0,0,0,0,0,0,0,0,0,0,0,0,0,0,0,0,0,0,0	//SOA_TALISMAN_OF_BLUE_DRAGON
5427,0,0,66:69:72:75:78,0,0,0,99,0,0,none,0,0,0,0,0,0,0,0,0,0,0,0,0,0,0,0,0,0,0,0,0,0,0,0,0	//SOA_TALISMAN_OF_WHITE_TIGER
5428,0,0,65:75:85:95:105,0,0,0,99,0,0,none,0,0,0,0,0,0,0,0,0,0,0,0,0,0,0,0,0,0,0,0,0,0,0,0,0	//SOA_TALISMAN_OF_RED_PHOENIX
5429,0,0,67:79:91:103:115,0,0,0,99,0,0,none,0,0,0,0,0,0,0,0,0,0,0,0,0,0,0,0,0,0,0,0,0,0,0,0,0	//SOA_TALISMAN_OF_BLACK_TORTOISE
5430,0,0,70:86:102:118:134,0,0,0,99,0,0,none,0,0,0,0,0,0,0,0,0,0,0,0,0,0,0,0,0,0,0,0,0,0,0,0,0	//SOA_TALISMAN_OF_FOUR_BEARING_GOD
5431,0,0,90:105:120:135:150,0,0,0,99,0,0,none,0,0,0,0,0,0,0,0,0,0,0,0,0,0,0,0,0,0,0,0,0,0,0,150,0	//SOA_CIRCLE_OF_DIRECTIONS_AND_ELEMENTALS
5432,0,0,90:100:110:120:130:140:150:160:170:180,0,0,0,99,0,0,none,0,0,0,0,0,0,0,0,0,0,0,0,0,0,0,0,0,0,0,0,0,0,0,180,0	//SOA_SOUL_OF_HEAVEN_AND_EARTH

// Spirit Handler
//5433,0,0,1,0,0,0,99,0,0,none,0,0,0,0,0,0,0,0,0,0,0,0,0,0,0,0,0,0,0,0,0,0,0,0,0	//SH_MYSTICAL_CREATURE_MASTERY
//5434,0,0,1,0,0,0,99,0,0,none,0,0,0,0,0,0,0,0,0,0,0,0,0,0,0,0,0,0,0,0,0,0,0,0,0	//SH_COMMUNE_WITH_CHUL_HO
5435,0,0,24:27:30:33:36:39:42,0,0,0,99,0,0,none,0,0,0,0,0,0,0,0,0,0,0,0,0,0,0,0,0,0,0,0,0,0,0,0,0	//SH_CHUL_HO_SONIC_CLAW
5436,0,0,32:37:42:47:52:57:62,0,0,0,99,0,0,none,0,0,0,0,0,0,0,0,0,0,0,0,0,0,0,0,0,0,0,0,0,0,0,0,0	//SH_HOWLING_OF_CHUL_HO
5437,0,0,50:53:56:59:62:65:68,0,0,0,99,0,0,none,0,0,0,0,0,0,0,0,0,0,0,0,0,0,0,0,0,0,0,0,0,0,0,0,0	//SH_HOGOGONG_STRIKE
//5438,0,0,1,0,0,0,99,0,0,none,0,0,0,0,0,0,0,0,0,0,0,0,0,0,0,0,0,0,0,0,0,0,0,0,0	//SH_COMMUNE_WITH_KI_SUL
5439,0,0,61:65:69:73:77:81:85,0,0,0,99,0,0,none,0,0,0,0,0,0,0,0,0,0,0,0,0,0,0,0,0,0,0,0,0,0,0,0,0	//SH_KI_SUL_WATER_SPRAYING
5440,0,0,80:90:100:110:120,0,0,0,99,0,0,none,0,0,0,0,0,0,0,0,0,0,0,0,0,0,0,0,0,0,0,0,0,0,0,0,0	//SH_MARINE_FESTIVAL_OF_KI_SUL
5441,0,0,80:90:100:110:120,0,0,0,99,0,0,none,0,0,0,0,0,0,0,0,0,0,0,0,0,0,0,0,0,0,0,0,0,0,0,0,0	//SH_SANDY_FESTIVAL_OF_KI_SUL
5442,0,0,90:100:110:120:130:140:150,0,0,0,99,0,0,none,0,0,0,0,0,0,0,0,0,0,0,0,0,0,0,0,0,0,0,0,0,0,0,0,0	//SH_KI_SUL_RAMPAGE
//5443,0,0,1,0,0,0,99,0,0,none,0,0,0,0,0,0,0,0,0,0,0,0,0,0,0,0,0,0,0,0,0,0,0,0,0	//SH_COMMUNE_WITH_HYUN_ROK
5444,0,0,90,0,0,0,99,0,0,none,0,0,0,0,0,0,0,0,0,0,0,0,0,0,0,0,0,0,0,0,0,0,0,0,0	//SH_COLORS_OF_HYUN_ROK
5445,0,0,56:62:68:74:80:86:92,0,0,0,99,0,0,none,0,0,0,0,0,0,0,0,0,0,0,0,0,0,0,0,0,0,0,0,0,0,0,0,0	//SH_HYUN_ROKS_BREEZE
5446,0,0,44:47:50:53:56:59:62,0,0,0,99,0,0,none,0,0,0,0,0,0,0,0,0,0,0,0,0,0,0,0,0,0,0,0,0,0,0,0,0	//SH_HYUN_ROK_CANNON
5447,0,0,100,0,0,0,99,0,0,none,0,0,0,0,0,0,0,0,0,0,0,0,0,0,0,0,0,0,0,0,0,0,0,150,0	//SH_TEMPORARY_COMMUNION
5448,0,0,100,0,0,0,99,0,0,none,0,0,0,0,0,0,0,0,0,0,0,0,0,0,0,0,0,0,0,0,0,0,0,100,0	//SH_BLESSING_OF_MYSTICAL_CREATURES

// Hyper Novice
//5449,0,0,1,0,0,0,99,0,0,none,0,0,0,0,0,0,0,0,0,0,0,0,0,0,0,0,0,0,0,0,0,0,0,0,0	//HN_SELFSTUDY_TATICS
//5450,0,0,1,0,0,0,99,0,0,none,0,0,0,0,0,0,0,0,0,0,0,0,0,0,0,0,0,0,0,0,0,0,0,0,0	//HN_SELFSTUDY_SOCERY
5451,0,0,54:56:58:60:62:64:66:68:70:72,0,0,0,99,0,0,none,0,0,0,0,0,0,0,0,0,0,0,0,0,0,0,0,0,0,0,0,0,0,0,0,0	//HN_DOUBLEBOWLINGBASH
5452,0,0,27:29:31:33:35:37:39:41:43:45,0,0,0,99,0,0,none,0,0,0,0,0,0,0,0,0,0,0,0,0,0,0,0,0,0,0,0,0,0,0,0,0	//HN_MEGA_SONIC_BLOW
5453,0,0,38:41:44:47:50:53:56:59:62:65,0,0,0,99,0,0,none,0,0,0,0,0,0,0,0,0,0,0,0,0,0,0,0,0,0,0,0,0,0,0,0,0	//HN_SHIELD_CHAIN_RUSH
5454,0,0,20:23:26:29:32:35:38:41:44:47,0,0,0,99,0,0,none,0,0,0,0,0,0,0,0,0,0,0,0,0,0,0,0,0,0,0,0,0,0,0,0,0	//HN_SPIRAL_PIERCE_MAX
5455,0,0,55:58:61:64:67:70:73:76:79:82,0,0,0,99,0,0,none,0,0,0,0,0,0,0,0,0,0,0,0,0,0,0,0,0,0,0,0,0,0,0,0,0	//HN_METEOR_STORM_BUSTER
5456,0,0,50:52:54:56:58:60:62:64:66:68,0,0,0,99,0,0,none,0,0,0,0,0,0,0,0,0,0,0,0,0,0,0,0,0,0,0,0,0,0,0,0,0	//HN_JUPITEL_THUNDER_STORM
5457,0,0,58:61:64:67:70:73:76:79:82:85,0,0,0,99,0,0,none,0,0,0,0,0,0,0,0,0,0,0,0,0,0,0,0,0,0,0,0,0,0,0,0,0	//HN_JACK_FROST_NOVA
5458,0,0,43:46:49:52:55:58:61:64:67:70,0,0,0,99,0,0,none,0,0,0,0,0,0,0,0,0,0,0,0,0,0,0,0,0,0,0,0,0,0,0,0,0	//HN_HELLS_DRIVE
5459,0,0,70:72:74:76:78:80:82:84:86:88,0,0,0,99,0,0,none,0,0,0,0,0,0,0,0,0,0,0,0,0,0,0,0,0,0,0,0,0,0,0,0,0	//HN_GROUND_GRAVITATION
5460,0,0,40:42:44:46:48:50:52:54:56:58,0,0,0,99,0,0,none,0,0,0,0,0,0,0,0,0,0,0,0,0,0,0,0,0,0,0,0,0,0,0,0,0	//HN_NAPALM_VULCAN_STRIKE
5461,0,0,150,0,0,0,99,0,0,none,0,0,0,0,0,0,0,0,0,0,0,0,0,0,0,0,0,0,0,0,0,0,0,150,0	//HN_BREAKINGLIMIT
5462,0,0,150,0,0,0,99,0,0,none,0,0,0,0,0,0,0,0,0,0,0,0,0,0,0,0,0,0,0,0,0,0,0,150,0	//HN_RULEBREAK

// Sky Emperor
//5463,0,0,1,0,0,0,99,0,0,none,0,0,0,0,0,0,0,0,0,0,0,0,0,0,0,0,0,0,0,0,0,0,0,0,0	//SKE_SKY_MASTERY
//5464,0,0,1,0,0,0,99,0,0,none,0,0,0,0,0,0,0,0,0,0,0,0,0,0,0,0,0,0,0,0,0,0,0,0,0	//SKE_WAR_BOOK_MASTERY
5465,0,0,25,0,0,0,99,0,0,none,0,0,0,0,0,0,0,0,0,0,0,0,0,0,0,0,0,0,0,0,0,0,0,0,0	//SKE_RISING_SUN
5466,0,0,24:28:32:36:40,0,0,0,99,0,0,none,0,0,0,0,0,0,0,0,0,0,0,0,0,0,0,0,0,0,0,0,0,0,0,0,0	//SKE_NOON_BLAST
5467,0,0,28:30:32:34:36,0,0,0,99,0,0,none,0,0,0,0,0,0,0,0,0,0,0,0,0,0,0,0,0,0,0,0,0,0,0,0,0	//SKE_SUNSET_BLAST
5468,0,0,35,0,0,0,99,0,0,none,0,0,0,0,0,0,0,0,0,0,0,0,0,0,0,0,0,0,0,0,0,0,0,0,0	//SKE_RISING_MOON
5469,0,0,36:40:44:48:52,0,0,0,99,0,0,none,0,0,0,0,0,0,0,0,0,0,0,0,0,0,0,0,0,0,0,0,0,0,0,0,0	//SKE_MIDNIGHT_KICK
5470,0,0,34:37:40:43:46,0,0,0,99,0,0,none,0,0,0,0,0,0,0,0,0,0,0,0,0,0,0,0,0,0,0,0,0,0,0,0,0	//SKE_DAWN_BREAK
5471,0,0,30,0,0,0,99,0,0,none,0,0,0,0,0,0,0,0,0,0,0,0,0,0,0,0,0,0,0,0,0,0,0,0,0	//SKE_TWINKLING_GALAXY
5472,0,0,41:45:49:53:57,0,0,0,99,0,0,none,0,0,0,0,0,0,0,0,0,0,0,0,0,0,0,0,0,0,0,0,0,0,0,0,0	//SKE_STAR_BURST
5473,0,0,29:33:37:41:45,0,0,0,99,0,0,none,0,0,0,0,0,0,0,0,0,0,0,0,0,0,0,0,0,0,0,0,0,0,0,0,0	//SKE_STAR_CANNON
5474,0,0,100,0,0,0,99,0,0,none,0,0,0,0,0,0,0,0,0,0,0,0,0,0,0,0,0,0,0,0,0,0,0,100,0	//SKE_ALL_IN_THE_SKY
5475,0,0,100,0,0,0,99,0,0,none,0,0,0,0,0,0,0,0,0,0,0,0,0,0,0,0,0,0,0,0,0,0,0,150,0	//SKE_ENCHANTING_SKY

// Shinkiro/Shiranui
5476,0,0,35,0,0,0,99,0,0,none,0,0,0,0,0,0,0,0,0,0,0,0,0,0,0,0,0,0,0,0,0,0,0,0,0	//SS_TOKEDASU
5477,0,0,40,0,0,0,99,0,0,none,0,0,0,0,0,0,0,0,0,0,0,0,0,0,0,0,0,0,0,0,0,0,0,0,0	//SS_SHIMIRU
5478,0,0,10,0,0,0,99,0,0,none,0,0,0,0,0,0,0,0,0,0,0,0,0,0,0,0,0,0,0,0,0,0,0,0,0	//SS_AKUMUKESU
5479,0,0,25,0,0,0,99,0,0,none,0,0,0,0,0,0,0,0,0,0,0,0,0,0,0,0,0,0,0,0,0,0,0,0,0	//SS_SHINKIROU
5480,0,0,30:32:34:36:38:40:42:44:46:48,0,0,0,99,0,0,none,0,0,0,0,0,0,0,0,0,0,0,0,0,0,0,0,0,0,0,0,0,0,0,0,0	//SS_KAGEGARI
5481,0,0,30:33:36:39:42:45:48:51:49:52,0,0,0,99,0,0,none,0,0,0,0,0,0,0,0,0,0,0,0,0,0,0,0,0,0,0,0,0,0,0,0,0	//SS_KAGENOMAI
5482,0,0,36:39:42:45:48:51:54:57:60:63,0,0,0,99,0,0,none,0,0,0,0,0,0,0,0,0,0,0,0,0,0,0,0,0,0,0,0,0,0,0,0,0	//SS_KAGEGISSEN
5483,0,0,38:40:42:44:46:48:50:52:54:56,0,0,0,99,0,0,none,0,0,0,0,0,0,0,0,0,0,0,0,0,0,0,0,0,0,0,0,0,0,0,0,0	//SS_FUUMASHOUAKU
5484,0,0,34:37:40:43:46:49:52:55:58:61,0,0,0,99,0,0,none,0,0,0,0,0,0,0,0,0,0,0,0,0,0,0,0,0,0,0,0,0,0,0,0,0	//SS_FUUMAKOUCHIKU
5485,0,0,28:30:32:34:36:38:40:42:44:46,0,0,0,99,0,0,none,0,0,0,0,0,0,0,0,0,0,0,0,0,0,0,0,0,0,0,0,0,0,0,0,0	//SS_KUNAIWAIKYOKU
5486,0,0,55,0,0,0,99,0,0,none,0,0,0,0,0,0,0,0,0,0,0,0,0,0,0,0,0,0,0,0,0,0,0,0,0	//SS_KUNAIKAITEN
5487,0,0,50,0,0,0,99,0,0,none,0,0,0,0,0,0,0,0,0,0,0,0,0,0,0,0,0,0,0,0,0,0,0,0,0	//SS_KUNAIKUSSETSU
5488,0,0,44:46:48:50:52:54:56:58:60:62,0,0,0,99,0,0,none,0,0,0,0,0,0,0,0,0,0,0,0,0,0,0,0,0,0,0,0,0,0,0,0,0	//SS_SEKIENHOU
5489,0,0,34:37:40:43:46:49:52:55:58:61,0,0,0,99,0,0,none,0,0,0,0,0,0,0,0,0,0,0,0,0,0,0,0,0,0,0,0,0,0,0,0,0	//SS_REIKETSUHOU
5490,0,0,44:46:48:50:52:54:56:58:60:62,0,0,0,99,0,0,none,0,0,0,0,0,0,0,0,0,0,0,0,0,0,0,0,0,0,0,0,0,0,0,0,0	//SS_RAIDENPOU
5491,0,0,30:32:34:36:38:40:42:44:46:48,0,0,0,99,0,0,none,0,0,0,0,0,0,0,0,0,0,0,0,0,0,0,0,0,0,0,0,0,0,0,0,0	//SS_KINRYUUHOU
5492,0,0,40:42:44:46:48:50:52:54:56:58,0,0,0,99,0,0,none,0,0,0,0,0,0,0,0,0,0,0,0,0,0,0,0,0,0,0,0,0,0,0,0,0	//SS_ANTENPOU
5493,0,0,70,0,0,0,99,0,0,none,0,0,0,0,0,0,0,0,0,0,0,0,0,0,0,0,0,0,0,0,0,0,0,30,0	//SS_KAGEAKUMU
5494,0,0,70,0,0,0,99,0,0,none,0,0,0,0,0,0,0,0,0,0,0,0,0,0,0,0,0,0,0,0,0,0,0,30,0	//SS_HITOUAKUMU
5495,0,0,120,0,0,0,99,0,0,none,0,0,0,0,0,0,0,0,0,0,0,0,0,0,0,0,0,0,0,0,0,0,0,30,0	//SS_ANKOKURYUUAKUMU

// Extra 2021 Expanded Job Skills
5496,0,0,1,0,0,0,99,0,0,none,0,0,0,0,0,0,0,0,0,0,0,0,0,0,0,0,0,0,0,0,0,0,0,0,0	//NW_THE_VIGILANTE_AT_NIGHT_GUN_GATLING
5497,0,0,1,0,0,0,99,0,0,none,0,0,0,0,0,0,0,0,0,0,0,0,0,0,0,0,0,0,0,0,0,0,0,0,0	//NW_THE_VIGILANTE_AT_NIGHT_GUN_SHOTGUN
5498,0,0,1,0,0,0,99,0,0,none,0,0,0,0,0,0,0,0,0,0,0,0,0,0,0,0,0,0,0,0,0,0,0,0,0	//SS_FUUMAKOUCHIKU_BLASTING
